date,period,day_type,holiday,description
20230101,2,3,1,
20230102,2,1,0,
20230103,1,1,0,
20230104,1,1,0,
20230105,1,1,0,
20230106,1,1,0,
20230107,1,2,0,
20230108,1,3,0,
20230109,1,1,0,
20230110,1,1,0,
20230111,1,1,0,
20230112,1,1,0,
20230113,1,1,0,
20230114,1,2,0,
20230115,1,3,0,
20230116,1,1,0,
20230117,1,1,0,
20230118,1,1,0,
20230119,1,1,0,
20230120,1,1,0,
20230121,1,2,0,
20230122,1,3,0,
20230123,1,1,0,
20230124,1,1,0,
20230125,1,1,0,
20230126,1,1,0,
20230127,1,1,0,
20230128,1,2,0,
20230129,1,3,0,
20230130,1,1,0,
20230131,1,1,0,
20230201,1,1,0,
20230202,1,1,0,
20230203,1,1,0,
20230204,1,2,0,
20230205,1,3,0,
20230206,1,1,0,
20230207,1,1,0,
20230208,1,1,0,
20230209,1,1,0,
20230210,1,1,0,
20230211,1,2,0,
20230212,1,3,0,
20230213,1,1,0,
20230214,1,1,0,
20230215,1,1,0,
20230216,1,1,0,
20230217,1,1,0,
20230218,1,2,0,
20230219,1,3,0,
20230220,2,1,0,
20230221,2,1,0,
20230222,2,1,0,
20230223,1,1,0,
20230224,1,1,0,
20230225,1,2,0,
20230226,1,3,0,
20230227,1,1,0,
20230228,1,1,0,
20230301,1,1,0,
20230302,1,1,0,
20230303,1,1,0,
20230304,1,2,0,
20230305,1,3,0,
20230306,1,1,0,
20230307,1,1,0,
20230308,1,1,0,
20230309,1,1,0,
20230310,1,1,0,
20230311,1,2,0,
20230312,1,3,0,
20230313,1,1,0,
20230314,1,1,0,
20230315,1,1,0,
20230316,1,1,0,
20230317,1,1,0,
20230318,1,2,0,
20230319,1,3,0,
20230320,1,1,0,
20230321,1,1,0,
20230322,1,1,0,
20230323,1,1,0,
20230324,1,1,0,
20230325,2,2,0,
20230326,2,3,0,
20230327,2,1,0,
20230328,2,1,0,
20230329,2,1,0,
20230330,2,1,0,
20230331,2,1,0,
20230401,2,2,0,
20230402,2,3,0,
20230403,2,1,0,
20230404,2,1,0,
20230405,2,1,0,
20230406,2,1,0,
20230407,2,3,1,
20230408,2,2,0,
20230409,2,3,1,
20230410,1,1,0,
20230411,1,1,0,
20230412,1,1,0,
20230413,1,1,0,
20230414,1,1,0,
20230415,1,2,0,
20230416,1,3,0,
20230417,1,1,0,
20230418,1,1,0,
20230419,1,1,0,
20230420,1,1,0,
20230421,1,1,0,
20230422,1,2,0,
20230423,1,3,0,
20230424,1,1,0,
20230425,1,3,1,
20230426,1,1,0,
20230427,1,1,0,
20230428,1,1,0,
20230429,1,2,0,
20230430,1,3,0,
20230501,1,3,1,
20230502,1,1,0,
20230503,1,1,0,
20230504,1,1,0,
20230505,1,1,0,
20230506,1,2,0,
20230507,1,3,0,
20230508,1,1,0,
20230509,1,1,0,
20230510,1,1,0,
20230511,1,1,0,
20230512,1,1,0,
20230513,1,2,0,
20230514,1,3,0,
20230515,1,1,0,
20230516,1,1,0,
20230517,1,1,0,
20230518,1,1,0,
20230519,1,1,0,
20230520,1,2,0,
20230521,1,3,0,
20230522,1,1,0,
20230523,1,1,0,
20230524,1,1,0,
20230525,1,1,0,
20230526,1,1,0,
20230527,1,2,0,
20230528,1,3,0,
20230529,1,1,0,
20230530,1,1,0,
20230531,1,1,0,
20230601,1,1,0,
20230602,1,1,0,
20230603,1,2,0,
20230604,1,3,0,
20230605,1,1,0,
20230606,1,1,0,
20230607,1,1,0,
20230608,1,3,1,
20230609,1,1,0,
20230610,1,3,1,
20230611,1,3,0,
20230612,1,1,0,
20230613,1,1,0,
20230614,1,1,0,
20230615,1,1,0,
20230616,1,1,0,
20230617,1,2,0,
20230618,1,3,0,
20230619,1,1,0,
20230620,1,1,0,
20230621,1,1,0,
20230622,1,1,0,
20230623,1,1,0,
20230624,1,2,0,
20230625,1,3,0,
20230626,1,1,0,
20230627,1,1,0,
20230628,1,1,0,
20230629,1,1,0,
20230630,1,1,0,
20230701,3,2,0,
20230702,3,3,0,
20230703,3,1,0,
20230704,3,1,0,
20230705,3,1,0,
20230706,3,1,0,
20230707,3,1,0,
20230708,3,2,0,
20230709,3,3,0,
20230710,3,1,0,
20230711,3,1,0,
20230712,3,1,0,
20230713,3,1,0,
20230714,3,1,0,
20230715,3,2,0,
20230716,3,3,0,
20230717,3,1,0,
20230718,3,1,0,
20230719,3,1,0,
20230720,3,1,0,
20230721,3,1,0,
20230722,3,2,0,
20230723,3,3,0,
20230724,3,1,0,
20230725,3,1,0,
20230726,3,1,0,
20230727,3,1,0,
20230728,3,1,0,
20230729,3,2,0,
20230730,3,3,0,
20230731,3,1,0,
20230801,3,1,0,
20230802,3,1,0,
20230803,3,1,0,
20230804,3,1,0,
20230805,3,2,0,
20230806,3,3,0,
20230807,3,1,0,
20230808,3,1,0,
20230809,3,1,0,
20230810,3,1,0,
20230811,3,1,0,
20230812,3,2,0,
20230813,3,3,0,
20230814,3,1,0,
20230815,3,3,1,
20230816,3,1,0,
20230817,3,1,0,
20230818,3,1,0,
20230819,3,2,0,
20230820,3,3,0,
20230821,3,1,0,
20230822,3,1,0,
20230823,3,1,0,
20230824,3,1,0,
20230825,3,1,0,
20230826,3,2,0,
20230827,3,3,0,
20230828,3,1,0,
20230829,3,1,0,
20230830,3,1,0,
20230831,3,1,0,
20230901,2,1,0,
20230902,2,2,0,
20230903,2,3,0,
20230904,2,1,0,
20230905,2,1,0,
20230906,2,1,0,
20230907,2,1,0,
20230908,2,1,0,
20230909,2,2,0,
20230910,2,3,0,
20230911,1,1,0,
20230912,1,1,0,
20230913,1,1,0,
20230914,1,1,0,
20230915,1,1,0,
20230916,1,2,0,
20230917,1,3,0,
20230918,1,1,0,
20230919,1,1,0,
20230920,1,1,0,
20230921,1,1,0,
20230922,1,1,0,
20230923,1,2,0,
20230924,1,3,0,
20230925,1,1,0,
20230926,1,1,0,
20230927,1,1,0,
20230928,1,1,0,
20230929,1,1,0,
20230930,1,2,0,
20231001,1,3,0,
20231002,1,1,0,
20231003,1,1,0,
20231004,1,1,0,
20231005,1,3,1,
20231006,1,1,0,
20231007,1,2,0,
20231008,1,3,0,
20231009,1,1,0,
20231010,1,1,0,
20231011,1,1,0,
20231012,1,1,0,
20231013,1,1,0,
20231014,1,2,0,
20231015,1,3,0,
20231016,1,1,0,
20231017,1,1,0,
20231018,1,1,0,
20231019,1,1,0,
20231020,1,1,0,
20231021,1,2,0,
20231022,1,3,0,
20231023,1,1,0,
20231024,1,1,0,
20231025,1,1,0,
20231026,1,1,0,
20231027,1,1,0,
20231028,1,2,0,
20231029,1,3,0,
20231030,1,1,0,
20231031,1,1,0,
20231101,1,3,1,
20231102,1,1,0,
20231103,1,1,0,
20231104,1,2,0,
20231105,1,3,0,
20231106,1,1,0,
20231107,1,1,0,
20231108,1,1,0,
20231109,1,1,0,
20231110,1,1,0,
20231111,1,2,0,
20231112,1,3,0,
20231113,1,1,0,
20231114,1,1,0,
20231115,1,1,0,
20231116,1,1,0,
20231117,1,1,0,
20231118,1,2,0,
20231119,1,3,0,
20231120,1,1,0,
20231121,1,1,0,
20231122,1,1,0,
20231123,1,1,0,
20231124,1,1,0,
20231125,1,2,0,
20231126,1,3,0,
20231127,1,1,0,
20231128,1,1,0,
20231129,1,1,0,
20231130,1,1,0,
20231201,1,3,1,
20231202,1,2,0,
20231203,1,3,0,
20231204,1,1,0,
20231205,1,1,0,
20231206,1,1,0,
20231207,1,1,0,
20231208,1,3,1,
20231209,1,2,0,
20231210,1,3,0,
20231211,1,1,0,
20231212,1,1,0,
20231213,1,1,0,
20231214,1,1,0,
20231215,1,1,0,
20231216,1,2,0,
20231217,1,3,0,
20231218,1,1,0,
20231219,1,1,0,
20231220,1,1,0,
20231221,1,1,0,
20231222,1,1,0,
20231223,2,2,0,
20231224,2,3,0,
20231225,2,3,1,
20231226,2,1,0,
20231227,2,1,0,
20231228,2,1,0,
20231229,2,1,0,
20231230,2,2,0,
20231231,2,3,0,
20240101,2,3,1,
20240102,2,1,0,
20240103,1,1,0,
20240104,1,1,0,
20240105,1,1,0,
20240106,1,2,0,
20240107,1,3,0,
20240108,1,1,0,
20240109,1,1,0,
20240110,1,1,0,
20240111,1,1,0,
20240112,1,1,0,
20240113,1,2,0,
20240114,1,3,0,
20240115,1,1,0,
20240116,1,1,0,
20240117,1,1,0,
20240118,1,1,0,
20240119,1,1,0,
20240120,1,2,0,
20240121,1,3,0,
20240122,1,1,0,
20240123,1,1,0,
20240124,1,1,0,
20240125,1,1,0,
20240126,1,1,0,
20240127,1,2,0,
20240128,1,3,0,
20240129,1,1,0,
20240130,1,1,0,
20240131,1,1,0,
20240201,1,1,0,
20240202,1,1,0,
20240203,1,2,0,
20240204,1,3,0,
20240205,1,1,0,
20240206,1,1,0,
20240207,1,1,0,
20240208,1,1,0,
20240209,1,1,0,
20240210,1,2,0,
20240211,1,3,0,
20240212,2,1,0,
20240213,2,1,0,
20240214,2,1,0,
20240215,1,1,0,
20240216,1,1,0,
20240217,1,2,0,
20240218,1,3,0,
20240219,1,1,0,
20240220,1,1,0,
20240221,1,1,0,
20240222,1,1,0,
20240223,1,1,0,
20240224,1,2,0,
20240225,1,3,0,
20240226,1,1,0,
20240227,1,1,0,
20240228,1,1,0,
20240229,1,1,0,
20240301,1,1,0,
20240302,1,2,0,
20240303,1,3,0,
20240304,1,1,0,
20240305,1,1,0,
20240306,1,1,0,
20240307,1,1,0,
20240308,1,1,0,
20240309,1,2,0,
20240310,1,3,0,
20240311,1,1,0,
20240312,1,1,0,
20240313,1,1,0,
20240314,1,1,0,
20240315,1,1,0,
20240316,1,2,0,
20240317,1,3,0,
20240318,1,1,0,
20240319,1,1,0,
20240320,1,1,0,
20240321,1,1,0,
20240322,1,1,0,
20240323,1,2,0,
20240324,1,3,0,
20240325,1,1,0,
20240326,1,1,0,
20240327,1,1,0,
20240328,2,1,0,
20240329,2,3,1,
20240330,2,2,0,
20240331,2,3,1,
20240401,2,1,0,
20240402,2,1,0,
20240403,1,1,0,
20240404,1,1,0,
20240405,1,1,0,
20240406,1,2,0,
20240407,1,3,0,
20240408,1,1,0,
20240409,1,1,0,
20240410,1,1,0,
20240411,1,1,0,
20240412,1,1,0,
20240413,1,2,0,
20240414,1,3,0,
20240415,1,1,0,
20240416,1,1,0,
20240417,1,1,0,
20240418,1,1,0,
20240419,1,1,0,
20240420,1,2,0,
20240421,1,3,0,
20240422,1,1,0,
20240423,1,1,0,
20240424,1,1,0,
20240425,1,3,1,
20240426,1,1,0,
20240427,1,2,0,
20240428,1,3,0,
20240429,1,1,0,
20240430,1,1,0,
20240501,1,3,1,
20240502,1,1,0,
20240503,1,1,0,
20240504,1,2,0,
20240505,1,3,0,
20240506,1,1,0,
20240507,1,1,0,
20240508,1,1,0,
20240509,1,1,0,
20240510,1,1,0,
20240511,1,2,0,
20240512,1,3,0,
20240513,1,1,0,
20240514,1,1,0,
20240515,1,1,0,
20240516,1,1,0,
20240517,1,1,0,
20240518,1,2,0,
20240519,1,3,0,
20240520,1,1,0,
20240521,1,1,0,
20240522,1,1,0,
20240523,1,1,0,
20240524,1,1,0,
20240525,1,2,0,
20240526,1,3,0,
20240527,1,1,0,
20240528,1,1,0,
20240529,1,1,0,
20240530,1,3,1,
20240531,1,1,0,
20240601,1,2,0,
20240602,1,3,0,
20240603,1,1,0,
20240604,1,1,0,
20240605,1,1,0,
20240606,1,1,0,
20240607,1,1,0,
20240608,1,2,0,
20240609,1,3,0,
20240610,1,3,1,
20240611,1,1,0,
20240612,1,1,0,
20240613,1,1,0,
20240614,1,1,0,
20240615,1,2,0,
20240616,1,3,0,
20240617,1,1,0,
20240618,1,1,0,
20240619,1,1,0,
20240620,1,1,0,
20240621,1,1,0,
20240622,1,2,0,
20240623,1,3,0,
20240624,1,1,0,
20240625,1,1,0,
20240626,1,1,0,
20240627,1,1,0,
20240628,1,1,0,
20240629,1,2,0,
20240630,1,3,0,
20240701,3,1,0,
20240702,3,1,0,
20240703,3,1,0,
20240704,3,1,0,
20240705,3,1,0,
20240706,3,2,0,
20240707,3,3,0,
20240708,3,1,0,
20240709,3,1,0,
20240710,3,1,0,
20240711,3,1,0,
20240712,3,1,0,
20240713,3,2,0,
20240714,3,3,0,
20240715,3,1,0,
20240716,3,1,0,
20240717,3,1,0,
20240718,3,1,0,
20240719,3,1,0,
20240720,3,2,0,
20240721,3,3,0,
20240722,3,1,0,
20240723,3,1,0,
20240724,3,1,0,
20240725,3,1,0,
20240726,3,1,0,
20240727,3,2,0,
20240728,3,3,0,
20240729,3,1,0,
20240730,3,1,0,
20240731,3,1,0,
20240801,3,1,0,
20240802,3,1,0,
20240803,3,2,0,
20240804,3,3,0,
20240805,3,1,0,
20240806,3,1,0,
20240807,3,1,0,
20240808,3,1,0,
20240809,3,1,0,
20240810,3,2,0,
20240811,3,3,0,
20240812,3,1,0,
20240813,3,1,0,
20240814,3,1,0,
20240815,3,3,1,
20240816,3,1,0,
20240817,3,2,0,
20240818,3,3,0,
20240819,3,1,0,
20240820,3,1,0,
20240821,3,1,0,
20240822,3,1,0,
20240823,3,1,0,
20240824,3,2,0,
20240825,3,3,0,
20240826,3,1,0,
20240827,3,1,0,
20240828,3,1,0,
20240829,3,1,0,
20240830,3,1,0,
20240831,3,2,0,
20240901,3,3,0,
20240902,2,1,0,
20240903,2,1,0,
20240904,2,1,0,
20240905,2,1,0,
20240906,2,1,0,
20240907,2,2,0,
20240908,2,3,0,
20240909,1,1,0,
20240910,1,1,0,
20240911,1,1,0,
20240912,1,1,0,
20240913,1,1,0,
20240914,1,2,0,
20240915,1,3,0,
20240916,1,1,0,
20240917,1,1,0,
20240918,1,1,0,
20240919,1,1,0,
20240920,1,1,0,
20240921,1,2,0,
20240922,1,3,0,
20240923,1,1,0,
20240924,1,1,0,
20240925,1,1,0,
20240926,1,1,0,
20240927,1,1,0,
20240928,1,2,0,
20240929,1,3,0,
20240930,1,1,0,
20241001,1,1,0,
20241002,1,1,0,
20241003,1,1,0,
20241004,1,1,0,
20241005,1,3,1,
20241006,1,3,0,
20241007,1,1,0,
20241008,1,1,0,
20241009,1,1,0,
20241010,1,1,0,
20241011,1,1,0,
20241012,1,2,0,
20241013,1,3,0,
20241014,1,1,0,
20241015,1,1,0,
20241016,1,1,0,
20241017,1,1,0,
20241018,1,1,0,
20241019,1,2,0,
20241020,1,3,0,
20241021,1,1,0,
20241022,1,1,0,
20241023,1,1,0,
20241024,1,1,0,
20241025,1,1,0,
20241026,1,2,0,
20241027,1,3,0,
20241028,1,1,0,
20241029,1,1,0,
20241030,1,1,0,
20241031,1,1,0,
20241101,1,3,1,
20241102,1,2,0,
20241103,1,3,0,
20241104,1,1,0,
20241105,1,1,0,
20241106,1,1,0,
20241107,1,1,0,
20241108,1,1,0,
20241109,1,2,0,
20241110,1,3,0,
20241111,1,1,0,
20241112,1,1,0,
20241113,1,1,0,
20241114,1,1,0,
20241115,1,1,0,
20241116,1,2,0,
20241117,1,3,0,
20241118,1,1,0,
20241119,1,1,0,
20241120,1,1,0,
20241121,1,1,0,
20241122,1,1,0,
20241123,1,2,0,
20241124,1,3,0,
20241125,1,1,0,
20241126,1,1,0,
20241127,1,1,0,
20241128,1,1,0,
20241129,1,1,0,
20241130,1,2,0,
20241201,1,3,1,
20241202,1,1,0,
20241203,1,1,0,
20241204,1,1,0,
20241205,1,1,0,
20241206,1,1,0,
20241207,1,2,0,
20241208,1,3,1,
20241209,1,1,0,
20241210,1,1,0,
20241211,1,1,0,
20241212,1,1,0,
20241213,1,1,0,
20241214,1,2,0,
20241215,1,3,0,
20241216,1,1,0,
20241217,1,1,0,
20241218,1,1,0,
20241219,1,1,0,
20241220,1,1,0,
20241221,2,2,0,
20241222,2,3,0,
20241223,2,1,0,
20241224,2,1,0,
20241225,2,3,1,
20241226,2,1,0,
20241227,2,1,0,
20241228,2,2,0,
20241229,2,3,0,
20241230,2,1,0,
20241231,2,1,0,
20250101,2,3,1,
20250102,2,1,0,
20250103,1,1,0,
20250104,1,2,0,
20250105,1,3,0,
20250106,1,1,0,
20250107,1,1,0,
20250108,1,1,0,
20250109,1,1,0,
20250110,1,1,0,
20250111,1,2,0,
20250112,1,3,0,
20250113,1,1,0,
20250114,1,1,0,
20250115,1,1,0,
20250116,1,1,0,
20250117,1,1,0,
20250118,1,2,0,
20250119,1,3,0,
20250120,1,1,0,
20250121,1,1,0,
20250122,1,1,0,
20250123,1,1,0,
20250124,1,1,0,
20250125,1,2,0,
20250126,1,3,0,
20250127,1,1,0,
20250128,1,1,0,
20250129,1,1,0,
20250130,1,1,0,
20250131,1,1,0,
20250201,1,2,0,
20250202,1,3,0,
20250203,1,1,0,
20250204,1,1,0,
20250205,1,1,0,
20250206,1,1,0,
20250207,1,1,0,
20250208,1,2,0,
20250209,1,3,0,
20250210,1,1,0,
20250211,1,1,0,
20250212,2,1,0,
20250213,2,1,0,
20250214,2,1,0,
20250215,1,2,0,
20250216,1,3,0,
20250217,1,1,0,
20250218,1,1,0,
20250219,1,1,0,
20250220,1,1,0,
20250221,1,1,0,
20250222,1,2,0,
20250223,1,3,0,
20250224,1,1,0,
20250225,1,1,0,
20250226,1,1,0,
20250227,1,1,0,
20250228,1,1,0,
20250301,1,2,0,
20250302,1,3,0,
20250303,2,1,0,
20250304,2,1,0,
20250305,1,1,0,
20250306,1,1,0,
20250307,1,1,0,
20250308,1,2,0,
20250309,1,3,0,
20250310,1,1,0,
20250311,1,1,0,
20250312,1,1,0,
20250313,1,1,0,
20250314,1,1,0,
20250315,1,2,0,
20250316,1,3,0,
20250317,1,1,0,
20250318,1,1,0,
20250319,1,1,0,
20250320,1,1,0,
20250321,1,1,0,
20250322,1,2,0,
20250323,1,3,0,
20250324,1,1,0,
20250325,1,1,0,
20250326,1,1,0,
20250327,1,1,0,
20250328,1,1,0,
20250329,1,2,0,
20250330,1,3,0,
20250331,1,1,0,
20250401,1,1,0,
20250402,1,1,0,
20250403,1,1,0,
20250404,1,1,0,
20250405,1,2,0,
20250406,1,3,0,
20250407,1,1,0,
20250408,1,1,0,
20250409,1,1,0,
20250410,1,1,0,
20250411,1,1,0,
20250412,1,2,0,
20250413,1,3,0,
20250414,1,1,0,
20250415,1,1,0,
20250416,1,1,0,
20250417,2,1,0,
20250418,2,3,1,
20250419,2,2,0,
20250420,2,3,1,
20250421,2,1,0,
20250422,2,1,0,
20250423,1,1,0,
20250424,1,1,0,
20250425,1,3,1,
20250426,1,2,0,
20250427,1,3,0,
20250428,1,1,0,
20250429,1,1,0,
20250430,1,1,0,
20250501,1,3,1,
20250502,1,1,0,
20250503,1,2,0,
20250504,1,3,0,
20250505,1,1,0,
20250506,1,1,0,
20250507,1,1,0,
20250508,1,1,0,
20250509,1,1,0,
20250510,1,2,0,
20250511,1,3,0,
20250512,1,1,0,
20250513,1,1,0,
20250514,1,1,0,
20250515,1,1,0,
20250516,1,1,0,
20250517,1,2,0,
20250518,1,3,0,
20250519,1,1,0,
20250520,1,1,0,
20250521,1,1,0,
20250522,1,1,0,
20250523,1,1,0,
20250524,1,2,0,
20250525,1,3,0,
20250526,1,1,0,
20250527,1,1,0,
20250528,1,1,0,
20250529,1,1,0,
20250530,1,1,0,
20250531,1,2,0,
20250601,1,3,0,
20250602,1,1,0,
20250603,1,1,0,
20250604,1,1,0,
20250605,1,1,0,
20250606,1,1,0,
20250607,1,2,0,
20250608,1,3,0,
20250609,1,1,0,
20250610,1,3,1,
20250611,1,1,0,
20250612,1,1,0,
20250613,1,1,0,
20250614,1,2,0,
20250615,1,3,0,
20250616,1,1,0,
20250617,1,1,0,
20250618,1,1,0,
20250619,1,1,0,
20250620,1,1,0,
20250621,1,2,0,
20250622,1,3,0,
20250623,1,1,0,
20250624,1,1,0,
20250625,1,1,0,
20250626,1,1,0,
20250627,1,1,0,
20250628,1,2,0,
20250629,1,3,0,
20250630,1,1,0,
20250701,3,1,0,
20250702,3,1,0,
20250703,3,1,0,
20250704,3,1,0,
20250705,3,2,0,
20250706,3,3,0,
20250707,3,1,0,
20250708,3,1,0,
20250709,3,1,0,
20250710,3,1,0,
20250711,3,1,0,
20250712,3,2,0,
20250713,3,3,0,
20250714,3,1,0,
20250715,3,1,0,
20250716,3,1,0,
20250717,3,1,0,
20250718,3,1,0,
20250719,3,2,0,
20250720,3,3,0,
20250721,3,1,0,
20250722,3,1,0,
20250723,3,1,0,
20250724,3,1,0,
20250725,3,1,0,
20250726,3,2,0,
20250727,3,3,0,
20250728,3,1,0,
20250729,3,1,0,
20250730,3,1,0,
20250731,3,1,0,
20250801,3,1,0,
20250802,3,2,0,
20250803,3,3,0,
20250804,3,1,0,
20250805,3,1,0,
20250806,3,1,0,
20250807,3,1,0,
20250808,3,1,0,
20250809,3,2,0,
20250810,3,3,0,
20250811,3,1,0,
20250812,3,1,0,
20250813,3,1,0,
20250814,3,1,0,
20250815,3,3,1,
20250816,3,2,0,
20250817,3,3,0,
20250818,3,1,0,
20250819,3,1,0,
20250820,3,1,0,
20250821,3,1,0,
20250822,3,1,0,
20250823,3,2,0,
20250824,3,3,0,
20250825,3,1,0,
20250826,3,1,0,
20250827,3,1,0,
20250828,3,1,0,
20250829,3,1,0,
20250830,3,2,0,
20250831,3,3,0,
20250901,2,1,0,
20250902,2,1,0,
20250903,2,1,0,
20250904,2,1,0,
20250905,2,1,0,
20250906,2,2,0,
20250907,2,3,0,
20250908,2,1,0,
20250909,2,1,0,
20250910,2,1,0,
20250911,1,1,0,
20250912,1,1,0,
20250913,1,2,0,
20250914,1,3,0,
20250915,1,1,0,
20250916,1,1,0,
20250917,1,1,0,
20250918,1,1,0,
20250919,1,1,0,
20250920,1,2,0,
20250921,1,3,0,
20250922,1,1,0,
20250923,1,1,0,
20250924,1,1,0,
20250925,1,1,0,
20250926,1,1,0,
20250927,1,2,0,
20250928,1,3,0,
20250929,1,1,0,
20250930,1,1,0,
20251001,1,1,0,
20251002,1,1,0,
20251003,1,1,0,
20251004,1,2,0,
20251005,1,3,1,
20251006,1,1,0,
20251007,1,1,0,
20251008,1,1,0,
20251009,1,1,0,
20251010,1,1,0,
20251011,1,2,0,
20251012,1,3,0,
20251013,1,1,0,
20251014,1,1,0,
20251015,1,1,0,
20251016,1,1,0,
20251017,1,1,0,
20251018,1,2,0,
20251019,1,3,0,
20251020,1,1,0,
20251021,1,1,0,
20251022,1,1,0,
20251023,1,1,0,
20251024,1,1,0,
20251025,1,2,0,
20251026,1,3,0,
20251027,1,1,0,
20251028,1,1,0,
20251029,1,1,0,
20251030,1,1,0,
20251031,1,1,0,
20251101,1,3,1,
20251102,1,3,0,
20251103,1,1,0,
20251104,1,1,0,
20251105,1,1,0,
20251106,1,1,0,
20251107,1,1,0,
20251108,1,2,0,
20251109,1,3,0,
20251110,1,1,0,
20251111,1,1,0,
20251112,1,1,0,
20251113,1,1,0,
20251114,1,1,0,
20251115,1,2,0,
20251116,1,3,0,
20251117,1,1,0,
20251118,1,1,0,
20251119,1,1,0,
20251120,1,1,0,
20251121,1,1,0,
20251122,1,2,0,
20251123,1,3,0,
20251124,1,1,0,
20251125,1,1,0,
20251126,1,1,0,
20251127,1,1,0,
20251128,1,1,0,
20251129,1,2,0,
20251130,1,3,0,
20251201,1,3,1,
20251202,1,1,0,
20251203,1,1,0,
20251204,1,1,0,
20251205,1,1,0,
20251206,1,2,0,
20251207,1,3,0,
20251208,1,3,1,
20251209,1,1,0,
20251210,1,1,0,
20251211,1,1,0,
20251212,1,1,0,
20251213,1,2,0,
20251214,1,3,0,
20251215,1,1,0,
20251216,1,1,0,
20251217,1,1,0,
20251218,1,1,0,
20251219,1,1,0,
20251220,2,2,0,
20251221,2,3,0,
20251222,2,1,0,
20251223,2,1,0,
20251224,2,1,0,
20251225,2,3,1,
20251226,2,1,0,
20251227,2,2,0,
20251228,2,3,0,
20251229,2,1,0,
20251230,2,1,0,
20251231,2,1,0,
20260101,2,3,1,
20260102,2,1,0,
20260103,1,2,0,
20260104,1,3,0,
20260105,1,1,0,
20260106,1,1,0,
20260107,1,1,0,
20260108,1,1,0,
20260109,1,1,0,
20260110,1,2,0,
20260111,1,3,0,
20260112,1,1,0,
20260113,1,1,0,
20260114,1,1,0,
20260115,1,1,0,
20260116,1,1,0,
20260117,1,2,0,
20260118,1,3,0,
20260119,1,1,0,
20260120,1,1,0,
20260121,1,1,0,
20260122,1,1,0,
20260123,1,1,0,
20260124,1,2,0,
20260125,1,3,0,
20260126,1,1,0,
20260127,1,1,0,
20260128,1,1,0,
20260129,1,1,0,
20260130,1,1,0,
20260131,1,2,0,
20260201,1,3,0,
20260202,1,1,0,
20260203,1,1,0,
20260204,1,1,0,
20260205,1,1,0,
20260206,1,1,0,
20260207,1,2,0,
20260208,1,3,0,
20260209,1,1,0,
20260210,1,1,0,
20260211,2,1,0,
20260212,2,1,0,
20260213,2,1,0,
20260214,1,2,0,
20260215,1,3,0,
20260216,1,1,0,
20260217,1,1,0,
20260218,1,1,0,
20260219,1,1,0,
20260220,1,1,0,
20260221,1,2,0,
20260222,1,3,0,
20260223,1,1,0,
20260224,1,1,0,
20260225,1,1,0,
20260226,1,1,0,
20260227,1,1,0,
20260228,1,2,0,
20260301,1,3,0,
20260302,1,1,0,
20260303,1,1,0,
20260304,1,1,0,
20260305,1,1,0,
20260306,1,1,0,
20260307,1,2,0,
20260308,1,3,0,
20260309,1,1,0,
20260310,1,1,0,
20260311,1,1,0,
20260312,1,1,0,
20260313,1,1,0,
20260314,1,2,0,
20260315,1,3,0,
20260316,1,1,0,
20260317,1,1,0,
20260318,1,1,0,
20260319,1,1,0,
20260320,1,1,0,
20260321,1,2,0,
20260322,1,3,0,
20260323,1,1,0,
20260324,1,1,0,
20260325,1,1,0,
20260326,1,1,0,
20260327,1,1,0,
20260328,1,2,0,
20260329,1,3,0,
20260330,1,1,0,
20260331,1,1,0,
20260401,1,1,0,
20260402,1,1,0,
20260403,1,1,0,
20260404,1,2,0,
20260405,1,3,0,
20260406,1,1,0,
20260407,1,1,0,
20260408,1,1,0,
20260409,1,1,0,
20260410,1,1,0,
20260411,1,2,0,
20260412,1,3,0,
20260413,1,1,0,
20260414,1,1,0,
20260415,1,1,0,
20260416,1,1,0,
20260417,1,1,0,
20260418,1,2,0,
20260419,1,3,0,
20260420,1,1,0,
20260421,1,1,0,
20260422,1,1,0,
20260423,1,1,0,
20260424,1,1,0,
20260425,1,3,1,
20260426,1,3,0,
20260427,1,1,0,
20260428,1,1,0,
20260429,1,1,0,
20260430,1,1,0,
20260501,1,3,1,
20260502,1,2,0,
20260503,1,3,0,
20260504,1,1,0,
20260505,1,1,0,
20260506,1,1,0,
20260507,1,1,0,
20260508,1,1,0,
20260509,1,2,0,
20260510,1,3,0,
20260511,1,1,0,
20260512,1,1,0,
20260513,1,1,0,
20260514,1,1,0,
20260515,1,1,0,
20260516,1,2,0,
20260517,1,3,0,
20260518,1,1,0,
20260519,1,1,0,
20260520,1,1,0,
20260521,1,1,0,
20260522,1,1,0,
20260523,1,2,0,
20260524,1,3,0,
20260525,1,1,0,
20260526,1,1,0,
20260527,1,1,0,
20260528,1,1,0,
20260529,1,1,0,
20260530,1,2,0,
20260531,1,3,0,
20260601,1,1,0,
20260602,1,1,0,
20260603,1,1,0,
20260604,1,1,0,
20260605,1,1,0,
20260606,1,2,0,
20260607,1,3,0,
20260608,1,1,0,
20260609,1,1,0,
20260610,1,3,1,
20260611,1,1,0,
20260612,1,1,0,
20260613,1,2,0,
20260614,1,3,0,
20260615,1,1,0,
20260616,1,1,0,
20260617,1,1,0,
20260618,1,1,0,
20260619,1,1,0,
20260620,1,2,0,
20260621,1,3,0,
20260622,1,1,0,
20260623,1,1,0,
20260624,1,1,0,
20260625,1,1,0,
20260626,1,1,0,
20260627,1,2,0,
20260628,1,3,0,
20260629,1,1,0,
20260630,1,1,0,
20260701,3,1,0,
20260702,3,1,0,
20260703,3,1,0,
20260704,3,2,0,
20260705,3,3,0,
20260706,3,1,0,
20260707,3,1,0,
20260708,3,1,0,
20260709,3,1,0,
20260710,3,1,0,
20260711,3,2,0,
20260712,3,3,0,
20260713,3,1,0,
20260714,3,1,0,
20260715,3,1,0,
20260716,3,1,0,
20260717,3,1,0,
20260718,3,2,0,
20260719,3,3,0,
20260720,3,1,0,
20260721,3,1,0,
20260722,3,1,0,
20260723,3,1,0,
20260724,3,1,0,
20260725,3,2,0,
20260726,3,3,0,
20260727,3,1,0,
20260728,3,1,0,
20260729,3,1,0,
20260730,3,1,0,
20260731,3,1,0,
20260801,3,2,0,
20260802,3,3,0,
20260803,3,1,0,
20260804,3,1,0,
20260805,3,1,0,
20260806,3,1,0,
20260807,3,1,0,
20260808,3,2,0,
20260809,3,3,0,
20260810,3,1,0,
20260811,3,1,0,
20260812,3,1,0,
20260813,3,1,0,
20260814,3,1,0,
20260815,3,3,1,
20260816,3,3,0,
20260817,3,1,0,
20260818,3,1,0,
20260819,3,1,0,
20260820,3,1,0,
20260821,3,1,0,
20260822,3,2,0,
20260823,3,3,0,
20260824,3,1,0,
20260825,3,1,0,
20260826,3,1,0,
20260827,3,1,0,
20260828,3,1,0,
20260829,3,2,0,
20260830,3,3,0,
20260831,3,1,0,
20260901,2,1,0,
20260902,2,1,0,
20260903,2,1,0,
20260904,2,1,0,
20260905,2,2,0,
20260906,2,3,0,
20260907,2,1,0,
20260908,2,1,0,
20260909,2,1,0,
20260910,2,1,0,
20260911,2,1,0,
20260912,2,2,0,
20260913,2,3,0,
20260914,1,1,0,
20260915,1,1,0,
20260916,1,1,0,
20260917,1,1,0,
20260918,1,1,0,
20260919,1,2,0,
20260920,1,3,0,
20260921,1,1,0,
20260922,1,1,0,
20260923,1,1,0,
20260924,1,1,0,
20260925,1,1,0,
20260926,1,2,0,
20260927,1,3,0,
20260928,1,1,0,
20260929,1,1,0,
20260930,1,1,0,
20261001,1,1,0,
20261002,1,1,0,
20261003,1,2,0,
20261004,1,3,0,
20261005,1,3,1,
20261006,1,1,0,
20261007,1,1,0,
20261008,1,1,0,
20261009,1,1,0,
20261010,1,2,0,
20261011,1,3,0,
20261012,1,1,0,
20261013,1,1,0,
20261014,1,1,0,
20261015,1,1,0,
20261016,1,1,0,
20261017,1,2,0,
20261018,1,3,0,
20261019,1,1,0,
20261020,1,1,0,
20261021,1,1,0,
20261022,1,1,0,
20261023,1,1,0,
20261024,1,2,0,
20261025,1,3,0,
20261026,1,1,0,
20261027,1,1,0,
20261028,1,1,0,
20261029,1,1,0,
20261030,1,1,0,
20261031,1,2,0,
20261101,1,3,1,
20261102,1,1,0,
20261103,1,1,0,
20261104,1,1,0,
20261105,1,1,0,
20261106,1,1,0,
20261107,1,2,0,
20261108,1,3,0,
20261109,1,1,0,
20261110,1,1,0,
20261111,1,1,0,
20261112,1,1,0,
20261113,1,1,0,
20261114,1,2,0,
20261115,1,3,0,
20261116,1,1,0,
20261117,1,1,0,
20261118,1,1,0,
20261119,1,1,0,
20261120,1,1,0,
20261121,1,2,0,
20261122,1,3,0,
20261123,1,1,0,
20261124,1,1,0,
20261125,1,1,0,
20261126,1,1,0,
20261127,1,1,0,
20261128,1,2,0,
20261129,1,3,0,
20261130,1,1,0,
20261201,1,3,1,
20261202,1,1,0,
20261203,1,1,0,
20261204,1,1,0,
20261205,1,2,0,
20261206,1,3,0,
20261207,1,1,0,
20261208,1,3,1,
20261209,1,1,0,
20261210,1,1,0,
20261211,1,1,0,
20261212,1,2,0,
20261213,1,3,0,
20261214,1,1,0,
20261215,1,1,0,
20261216,1,1,0,
20261217,1,1,0,
20261218,1,1,0,
20261219,2,2,0,
20261220,2,3,0,
20261221,2,1,0,
20261222,2,1,0,
20261223,2,1,0,
20261224,2,1,0,
20261225,2,3,1,
20261226,2,2,0,
20261227,2,3,0,
20261228,2,1,0,
20261229,2,1,0,
20261230,2,1,0,
20261231,2,1,0,
20270101,2,3,1,
20270102,2,2,0,
20270103,1,3,0,
20270104,1,1,0,
20270105,1,1,0,
20270106,1,1,0,
20270107,1,1,0,
20270108,1,1,0,
20270109,1,2,0,
20270110,1,3,0,
20270111,1,1,0,
20270112,1,1,0,
20270113,1,1,0,
20270114,1,1,0,
20270115,1,1,0,
20270116,1,2,0,
20270117,1,3,0,
20270118,1,1,0,
20270119,1,1,0,
20270120,1,1,0,
20270121,1,1,0,
20270122,1,1,0,
20270123,1,2,0,
20270124,1,3,0,
20270125,1,1,0,
20270126,1,1,0,
20270127,1,1,0,
20270128,1,1,0,
20270129,1,1,0,
20270130,1,2,0,
20270131,1,3,0,
20270201,1,1,0,
20270202,1,1,0,
20270203,1,1,0,
20270204,1,1,0,
20270205,1,1,0,
20270206,1,2,0,
20270207,1,3,0,
20270208,1,1,0,
20270209,1,1,0,
20270210,2,1,0,
20270211,2,1,0,
20270212,2,1,0,
20270213,1,2,0,
20270214,1,3,0,
20270215,1,1,0,
20270216,1,1,0,
20270217,1,1,0,
20270218,1,1,0,
20270219,1,1,0,
20270220,1,2,0,
20270221,1,3,0,
20270222,1,1,0,
20270223,1,1,0,
20270224,1,1,0,
20270225,1,1,0,
20270226,1,1,0,
20270227,1,2,0,
20270228,1,3,0,
20270301,1,1,0,
20270302,1,1,0,
20270303,1,1,0,
20270304,1,1,0,
20270305,1,1,0,
20270306,1,2,0,
20270307,1,3,0,
20270308,1,1,0,
20270309,1,1,0,
20270310,1,1,0,
20270311,1,1,0,
20270312,1,1,0,
20270313,1,2,0,
20270314,1,3,0,
20270315,1,1,0,
20270316,1,1,0,
20270317,1,1,0,
20270318,1,1,0,
20270319,1,1,0,
20270320,1,2,0,
20270321,1,3,0,
20270322,1,1,0,
20270323,1,1,0,
20270324,1,1,0,
20270325,1,1,0,
20270326,1,1,0,
20270327,1,2,0,
20270328,1,3,0,
20270329,1,1,0,
20270330,1,1,0,
20270331,1,1,0,
20270401,1,1,0,
20270402,1,1,0,
20270403,1,2,0,
20270404,1,3,0,
20270405,1,1,0,
20270406,1,1,0,
20270407,1,1,0,
20270408,1,1,0,
20270409,1,1,0,
20270410,1,2,0,
20270411,1,3,0,
20270412,1,1,0,
20270413,1,1,0,
20270414,1,1,0,
20270415,1,1,0,
20270416,1,1,0,
20270417,1,2,0,
20270418,1,3,0,
20270419,1,1,0,
20270420,1,1,0,
20270421,1,1,0,
20270422,1,1,0,
20270423,1,1,0,
20270424,1,2,0,
20270425,1,3,1,
20270426,1,1,0,
20270427,1,1,0,
20270428,1,1,0,
20270429,1,1,0,
20270430,1,1,0,
20270501,1,3,1,
20270502,1,3,0,
20270503,1,1,0,
20270504,1,1,0,
20270505,1,1,0,
20270506,1,1,0,
20270507,1,1,0,
20270508,1,2,0,
20270509,1,3,0,
20270510,1,1,0,
20270511,1,1,0,
20270512,1,1,0,
20270513,1,1,0,
20270514,1,1,0,
20270515,1,2,0,
20270516,1,3,0,
20270517,1,1,0,
20270518,1,1,0,
20270519,1,1,0,
20270520,1,1,0,
20270521,1,1,0,
20270522,1,2,0,
20270523,1,3,0,
20270524,1,1,0,
20270525,1,1,0,
20270526,1,1,0,
20270527,1,1,0,
20270528,1,1,0,
20270529,1,2,0,
20270530,1,3,0,
20270531,1,1,0,
20270601,1,1,0,
20270602,1,1,0,
20270603,1,1,0,
20270604,1,1,0,
20270605,1,2,0,
20270606,1,3,0,
20270607,1,1,0,
20270608,1,1,0,
20270609,1,1,0,
20270610,1,3,1,
20270611,1,1,0,
20270612,1,2,0,
20270613,1,3,0,
20270614,1,1,0,
20270615,1,1,0,
20270616,1,1,0,
20270617,1,1,0,
20270618,1,1,0,
20270619,1,2,0,
20270620,1,3,0,
20270621,1,1,0,
20270622,1,1,0,
20270623,1,1,0,
20270624,1,1,0,
20270625,1,1,0,
20270626,1,2,0,
20270627,1,3,0,
20270628,1,1,0,
20270629,1,1,0,
20270630,1,1,0,
20270701,3,1,0,
20270702,3,1,0,
20270703,3,2,0,
20270704,3,3,0,
20270705,3,1,0,
20270706,3,1,0,
20270707,3,1,0,
20270708,3,1,0,
20270709,3,1,0,
20270710,3,2,0,
20270711,3,3,0,
20270712,3,1,0,
20270713,3,1,0,
20270714,3,1,0,
20270715,3,1,0,
20270716,3,1,0,
20270717,3,2,0,
20270718,3,3,0,
20270719,3,1,0,
20270720,3,1,0,
20270721,3,1,0,
20270722,3,1,0,
20270723,3,1,0,
20270724,3,2,0,
20270725,3,3,0,
20270726,3,1,0,
20270727,3,1,0,
20270728,3,1,0,
20270729,3,1,0,
20270730,3,1,0,
20270731,3,2,0,
20270801,3,3,0,
20270802,3,1,0,
20270803,3,1,0,
20270804,3,1,0,
20270805,3,1,0,
20270806,3,1,0,
20270807,3,2,0,
20270808,3,3,0,
20270809,3,1,0,
20270810,3,1,0,
20270811,3,1,0,
20270812,3,1,0,
20270813,3,1,0,
20270814,3,2,0,
20270815,3,3,1,
20270816,3,1,0,
20270817,3,1,0,
20270818,3,1,0,
20270819,3,1,0,
20270820,3,1,0,
20270821,3,2,0,
20270822,3,3,0,
20270823,3,1,0,
20270824,3,1,0,
20270825,3,1,0,
20270826,3,1,0,
20270827,3,1,0,
20270828,3,2,0,
20270829,3,3,0,
20270830,3,1,0,
20270831,3,1,0,
20270901,2,1,0,
20270902,2,1,0,
20270903,2,1,0,
20270904,2,2,0,
20270905,2,3,0,
20270906,2,1,0,
20270907,2,1,0,
20270908,2,1,0,
20270909,2,1,0,
20270910,2,1,0,
20270911,2,2,0,
20270912,2,3,0,
20270913,1,1,0,
20270914,1,1,0,
20270915,1,1,0,
20270916,1,1,0,
20270917,1,1,0,
20270918,1,2,0,
20270919,1,3,0,
20270920,1,1,0,
20270921,1,1,0,
20270922,1,1,0,
20270923,1,1,0,
20270924,1,1,0,
20270925,1,2,0,
20270926,1,3,0,
20270927,1,1,0,
20270928,1,1,0,
20270929,1,1,0,
20270930,1,1,0,
20271001,1,1,0,
20271002,1,2,0,
20271003,1,3,0,
20271004,1,1,0,
20271005,1,3,1,
20271006,1,1,0,
20271007,1,1,0,
20271008,1,1,0,
20271009,1,2,0,
20271010,1,3,0,
20271011,1,1,0,
20271012,1,1,0,
20271013,1,1,0,
20271014,1,1,0,
20271015,1,1,0,
20271016,1,2,0,
20271017,1,3,0,
20271018,1,1,0,
20271019,1,1,0,
20271020,1,1,0,
20271021,1,1,0,
20271022,1,1,0,
20271023,1,2,0,
20271024,1,3,0,
20271025,1,1,0,
20271026,1,1,0,
20271027,1,1,0,
20271028,1,1,0,
20271029,1,1,0,
20271030,1,2,0,
20271031,1,3,0,
20271101,1,3,1,
20271102,1,1,0,
20271103,1,1,0,
20271104,1,1,0,
20271105,1,1,0,
20271106,1,2,0,
20271107,1,3,0,
20271108,1,1,0,
20271109,1,1,0,
20271110,1,1,0,
20271111,1,1,0,
20271112,1,1,0,
20271113,1,2,0,
20271114,1,3,0,
20271115,1,1,0,
20271116,1,1,0,
20271117,1,1,0,
20271118,1,1,0,
20271119,1,1,0,
20271120,1,2,0,
20271121,1,3,0,
20271122,1,1,0,
20271123,1,1,0,
20271124,1,1,0,
20271125,1,1,0,
20271126,1,1,0,
20271127,1,2,0,
20271128,1,3,0,
20271129,1,1,0,
20271130,1,1,0,
20271201,1,3,1,
20271202,1,1,0,
20271203,1,1,0,
20271204,1,2,0,
20271205,1,3,0,
20271206,1,1,0,
20271207,1,1,0,
20271208,1,3,1,
20271209,1,1,0,
20271210,1,1,0,
20271211,1,2,0,
20271212,1,3,0,
20271213,1,1,0,
20271214,1,1,0,
20271215,1,1,0,
20271216,1,1,0,
20271217,1,1,0,
20271218,1,2,0,
20271219,1,3,0,
20271220,1,1,0,
20271221,1,1,0,
20271222,1,1,0,
20271223,1,1,0,
20271224,2,1,0,
20271225,2,3,1,
20271226,2,3,0,
20271227,2,1,0,
20271228,2,1,0,
20271229,2,1,0,
20271230,2,1,0,
20271231,2,1,0,
20280101,2,3,1,
20280102,2,3,0,
20280103,1,1,0,
20280104,1,1,0,
20280105,1,1,0,
20280106,1,1,0,
20280107,1,1,0,
20280108,1,2,0,
20280109,1,3,0,
20280110,1,1,0,
20280111,1,1,0,
20280112,1,1,0,
20280113,1,1,0,
20280114,1,1,0,
20280115,1,2,0,
20280116,1,3,0,
20280117,1,1,0,
20280118,1,1,0,
20280119,1,1,0,
20280120,1,1,0,
20280121,1,1,0,
20280122,1,2,0,
20280123,1,3,0,
20280124,1,1,0,
20280125,1,1,0,
20280126,1,1,0,
20280127,1,1,0,
20280128,1,1,0,
20280129,1,2,0,
20280130,1,3,0,
20280131,1,1,0,
20280201,1,1,0,
20280202,1,1,0,
20280203,1,1,0,
20280204,1,1,0,
20280205,1,2,0,
20280206,1,3,0,
20280207,1,1,0,
20280208,1,1,0,
20280209,2,1,0,
20280210,2,1,0,
20280211,2,1,0,
20280212,1,2,0,
20280213,1,3,0,
20280214,1,1,0,
20280215,1,1,0,
20280216,1,1,0,
20280217,1,1,0,
20280218,1,1,0,
20280219,1,2,0,
20280220,1,3,0,
20280221,1,1,0,
20280222,1,1,0,
20280223,1,1,0,
20280224,1,1,0,
20280225,1,1,0,
20280226,1,2,0,
20280227,1,3,0,
20280228,1,1,0,
20280229,1,1,0,
20280301,1,1,0,
20280302,1,1,0,
20280303,1,1,0,
20280304,1,2,0,
20280305,1,3,0,
20280306,1,1,0,
20280307,1,1,0,
20280308,1,1,0,
20280309,1,1,0,
20280310,1,1,0,
20280311,1,2,0,
20280312,1,3,0,
20280313,1,1,0,
20280314,1,1,0,
20280315,1,1,0,
20280316,1,1,0,
20280317,1,1,0,
20280318,1,2,0,
20280319,1,3,0,
20280320,1,1,0,
20280321,1,1,0,
20280322,1,1,0,
20280323,1,1,0,
20280324,1,1,0,
20280325,1,2,0,
20280326,1,3,0,
20280327,1,1,0,
20280328,1,1,0,
20280329,1,1,0,
20280330,1,1,0,
20280331,1,1,0,
20280401,1,2,0,
20280402,1,3,0,
20280403,1,1,0,
20280404,1,1,0,
20280405,1,1,0,
20280406,1,1,0,
20280407,1,1,0,
20280408,1,2,0,
20280409,1,3,0,
20280410,1,1,0,
20280411,1,1,0,
20280412,1,1,0,
20280413,1,1,0,
20280414,1,1,0,
20280415,1,2,0,
20280416,1,3,0,
20280417,1,1,0,
20280418,1,1,0,
20280419,1,1,0,
20280420,1,1,0,
20280421,1,1,0,
20280422,1,2,0,
20280423,1,3,0,
20280424,1,1,0,
20280425,1,3,1,
20280426,1,1,0,
20280427,1,1,0,
20280428,1,1,0,
20280429,1,2,0,
20280430,1,3,0,
20280501,1,3,1,
20280502,1,1,0,
20280503,1,1,0,
20280504,1,1,0,
20280505,1,1,0,
20280506,1,2,0,
20280507,1,3,0,
20280508,1,1,0,
20280509,1,1,0,
20280510,1,1,0,
20280511,1,1,0,
20280512,1,1,0,
20280513,1,2,0,
20280514,1,3,0,
20280515,1,1,0,
20280516,1,1,0,
20280517,1,1,0,
20280518,1,1,0,
20280519,1,1,0,
20280520,1,2,0,
20280521,1,3,0,
20280522,1,1,0,
20280523,1,1,0,
20280524,1,1,0,
20280525,1,1,0,
20280526,1,1,0,
20280527,1,2,0,
20280528,1,3,0,
20280529,1,1,0,
20280530,1,1,0,
20280531,1,1,0,
20280601,1,1,0,
20280602,1,1,0,
20280603,1,2,0,
20280604,1,3,0,
20280605,1,1,0,
20280606,1,1,0,
20280607,1,1,0,
20280608,1,1,0,
20280609,1,1,0,
20280610,1,3,1,
20280611,1,3,0,
20280612,1,1,0,
20280613,1,1,0,
20280614,1,1,0,
20280615,1,1,0,
20280616,1,1,0,
20280617,1,2,0,
20280618,1,3,0,
20280619,1,1,0,
20280620,1,1,0,
20280621,1,1,0,
20280622,1,1,0,
20280623,1,1,0,
20280624,1,2,0,
20280625,1,3,0,
20280626,1,1,0,
20280627,1,1,0,
20280628,1,1,0,
20280629,1,1,0,
20280630,1,1,0,
20280701,3,2,0,
20280702,3,3,0,
20280703,3,1,0,
20280704,3,1,0,
20280705,3,1,0,
20280706,3,1,0,
20280707,3,1,0,
20280708,3,2,0,
20280709,3,3,0,
20280710,3,1,0,
20280711,3,1,0,
20280712,3,1,0,
20280713,3,1,0,
20280714,3,1,0,
20280715,3,2,0,
20280716,3,3,0,
20280717,3,1,0,
20280718,3,1,0,
20280719,3,1,0,
20280720,3,1,0,
20280721,3,1,0,
20280722,3,2,0,
20280723,3,3,0,
20280724,3,1,0,
20280725,3,1,0,
20280726,3,1,0,
20280727,3,1,0,
20280728,3,1,0,
20280729,3,2,0,
20280730,3,3,0,
20280731,3,1,0,
20280801,3,1,0,
20280802,3,1,0,
20280803,3,1,0,
20280804,3,1,0,
20280805,3,2,0,
20280806,3,3,0,
20280807,3,1,0,
20280808,3,1,0,
20280809,3,1,0,
20280810,3,1,0,
20280811,3,1,0,
20280812,3,2,0,
20280813,3,3,0,
20280814,3,1,0,
20280815,3,3,1,
20280816,3,1,0,
20280817,3,1,0,
20280818,3,1,0,
20280819,3,2,0,
20280820,3,3,0,
20280821,3,1,0,
20280822,3,1,0,
20280823,3,1,0,
20280824,3,1,0,
20280825,3,1,0,
20280826,3,2,0,
20280827,3,3,0,
20280828,3,1,0,
20280829,3,1,0,
20280830,3,1,0,
20280831,3,1,0,
20280901,2,1,0,
20280902,2,2,0,
20280903,2,3,0,
20280904,2,1,0,
20280905,2,1,0,
20280906,2,1,0,
20280907,2,1,0,
20280908,2,1,0,
20280909,2,2,0,
20280910,2,3,0,
20280911,1,1,0,
20280912,1,1,0,
20280913,1,1,0,
20280914,1,1,0,
20280915,1,1,0,
20280916,1,2,0,
20280917,1,3,0,
20280918,1,1,0,
20280919,1,1,0,
20280920,1,1,0,
20280921,1,1,0,
20280922,1,1,0,
20280923,1,2,0,
20280924,1,3,0,
20280925,1,1,0,
20280926,1,1,0,
20280927,1,1,0,
20280928,1,1,0,
20280929,1,1,0,
20280930,1,2,0,
20281001,1,3,0,
20281002,1,1,0,
20281003,1,1,0,
20281004,1,1,0,
20281005,1,3,1,
20281006,1,1,0,
20281007,1,2,0,
20281008,1,3,0,
20281009,1,1,0,
20281010,1,1,0,
20281011,1,1,0,
20281012,1,1,0,
20281013,1,1,0,
20281014,1,2,0,
20281015,1,3,0,
20281016,1,1,0,
20281017,1,1,0,
20281018,1,1,0,
20281019,1,1,0,
20281020,1,1,0,
20281021,1,2,0,
20281022,1,3,0,
20281023,1,1,0,
20281024,1,1,0,
20281025,1,1,0,
20281026,1,1,0,
20281027,1,1,0,
20281028,1,2,0,
20281029,1,3,0,
20281030,1,1,0,
20281031,1,1,0,
20281101,1,3,1,
20281102,1,1,0,
20281103,1,1,0,
20281104,1,2,0,
20281105,1,3,0,
20281106,1,1,0,
20281107,1,1,0,
20281108,1,1,0,
20281109,1,1,0,
20281110,1,1,0,
20281111,1,2,0,
20281112,1,3,0,
20281113,1,1,0,
20281114,1,1,0,
20281115,1,1,0,
20281116,1,1,0,
20281117,1,1,0,
20281118,1,2,0,
20281119,1,3,0,
20281120,1,1,0,
20281121,1,1,0,
20281122,1,1,0,
20281123,1,1,0,
20281124,1,1,0,
20281125,1,2,0,
20281126,1,3,0,
20281127,1,1,0,
20281128,1,1,0,
20281129,1,1,0,
20281130,1,1,0,
20281201,1,3,1,
20281202,1,2,0,
20281203,1,3,0,
20281204,1,1,0,
20281205,1,1,0,
20281206,1,1,0,
20281207,1,1,0,
20281208,1,3,1,
20281209,1,2,0,
20281210,1,3,0,
20281211,1,1,0,
20281212,1,1,0,
20281213,1,1,0,
20281214,1,1,0,
20281215,1,1,0,
20281216,1,2,0,
20281217,1,3,0,
20281218,1,1,0,
20281219,1,1,0,
20281220,1,1,0,
20281221,1,1,0,
20281222,1,1,0,
20281223,2,2,0,
20281224,2,3,0,
20281225,2,3,1,
20281226,2,1,0,
20281227,2,1,0,
20281228,2,1,0,
20281229,2,1,0,
20281230,2,2,0,
20281231,2,3,0,
20290101,2,3,1,
20290102,2,1,0,
20290103,1,1,0,
20290104,1,1,0,
20290105,1,1,0,
20290106,1,2,0,
20290107,1,3,0,
20290108,1,1,0,
20290109,1,1,0,
20290110,1,1,0,
20290111,1,1,0,
20290112,1,1,0,
20290113,1,2,0,
20290114,1,3,0,
20290115,1,1,0,
20290116,1,1,0,
20290117,1,1,0,
20290118,1,1,0,
20290119,1,1,0,
20290120,1,2,0,
20290121,1,3,0,
20290122,1,1,0,
20290123,1,1,0,
20290124,1,1,0,
20290125,1,1,0,
20290126,1,1,0,
20290127,1,2,0,
20290128,1,3,0,
20290129,1,1,0,
20290130,1,1,0,
20290131,1,1,0,
20290201,1,1,0,
20290202,1,1,0,
20290203,1,2,0,
20290204,1,3,0,
20290205,1,1,0,
20290206,1,1,0,
20290207,2,1,0,
20290208,2,1,0,
20290209,2,1,0,
20290210,1,2,0,
20290211,1,3,0,
20290212,1,1,0,
20290213,1,1,0,
20290214,1,1,0,
20290215,1,1,0,
20290216,1,1,0,
20290217,1,2,0,
20290218,1,3,0,
20290219,1,1,0,
20290220,1,1,0,
20290221,1,1,0,
20290222,1,1,0,
20290223,1,1,0,
20290224,1,2,0,
20290225,1,3,0,
20290226,1,1,0,
20290227,1,1,0,
20290228,1,1,0,
20290301,1,1,0,
20290302,1,1,0,
20290303,1,2,0,
20290304,1,3,0,
20290305,1,1,0,
20290306,1,1,0,
20290307,1,1,0,
20290308,1,1,0,
20290309,1,1,0,
20290310,1,2,0,
20290311,1,3,0,
20290312,1,1,0,
20290313,1,1,0,
20290314,1,1,0,
20290315,1,1,0,
20290316,1,1,0,
20290317,1,2,0,
20290318,1,3,0,
20290319,1,1,0,
20290320,1,1,0,
20290321,1,1,0,
20290322,1,1,0,
20290323,1,1,0,
20290324,1,2,0,
20290325,1,3,0,
20290326,1,1,0,
20290327,1,1,0,
20290328,1,1,0,
20290329,1,1,0,
20290330,1,1,0,
20290331,1,2,0,
20290401,1,3,0,
20290402,1,1,0,
20290403,1,1,0,
20290404,1,1,0,
20290405,1,1,0,
20290406,1,1,0,
20290407,1,2,0,
20290408,1,3,0,
20290409,1,1,0,
20290410,1,1,0,
20290411,1,1,0,
20290412,1,1,0,
20290413,1,1,0,
20290414,1,2,0,
20290415,1,3,0,
20290416,1,1,0,
20290417,1,1,0,
20290418,1,1,0,
20290419,1,1,0,
20290420,1,1,0,
20290421,1,2,0,
20290422,1,3,0,
20290423,1,1,0,
20290424,1,1,0,
20290425,1,3,1,
20290426,1,1,0,
20290427,1,1,0,
20290428,1,2,0,
20290429,1,3,0,
20290430,1,1,0,
20290501,1,3,1,
20290502,1,1,0,
20290503,1,1,0,
20290504,1,1,0,
20290505,1,2,0,
20290506,1,3,0,
20290507,1,1,0,
20290508,1,1,0,
20290509,1,1,0,
20290510,1,1,0,
20290511,1,1,0,
20290512,1,2,0,
20290513,1,3,0,
20290514,1,1,0,
20290515,1,1,0,
20290516,1,1,0,
20290517,1,1,0,
20290518,1,1,0,
20290519,1,2,0,
20290520,1,3,0,
20290521,1,1,0,
20290522,1,1,0,
20290523,1,1,0,
20290524,1,1,0,
20290525,1,1,0,
20290526,1,2,0,
20290527,1,3,0,
20290528,1,1,0,
20290529,1,1,0,
20290530,1,1,0,
20290531,1,1,0,
20290601,1,1,0,
20290602,1,2,0,
20290603,1,3,0,
20290604,1,1,0,
20290605,1,1,0,
20290606,1,1,0,
20290607,1,1,0,
20290608,1,1,0,
20290609,1,2,0,
20290610,1,3,1,
20290611,1,1,0,
20290612,1,1,0,
20290613,1,1,0,
20290614,1,1,0,
20290615,1,1,0,
20290616,1,2,0,
20290617,1,3,0,
20290618,1,1,0,
20290619,1,1,0,
20290620,1,1,0,
20290621,1,1,0,
20290622,1,1,0,
20290623,1,2,0,
20290624,1,3,0,
20290625,1,1,0,
20290626,1,1,0,
20290627,1,1,0,
20290628,1,1,0,
20290629,1,1,0,
20290630,1,2,0,
20290701,3,3,0,
20290702,3,1,0,
20290703,3,1,0,
20290704,3,1,0,
20290705,3,1,0,
20290706,3,1,0,
20290707,3,2,0,
20290708,3,3,0,
20290709,3,1,0,
20290710,3,1,0,
20290711,3,1,0,
20290712,3,1,0,
20290713,3,1,0,
20290714,3,2,0,
20290715,3,3,0,
20290716,3,1,0,
20290717,3,1,0,
20290718,3,1,0,
20290719,3,1,0,
20290720,3,1,0,
20290721,3,2,0,
20290722,3,3,0,
20290723,3,1,0,
20290724,3,1,0,
20290725,3,1,0,
20290726,3,1,0,
20290727,3,1,0,
20290728,3,2,0,
20290729,3,3,0,
20290730,3,1,0,
20290731,3,1,0,
20290801,3,1,0,
20290802,3,1,0,
20290803,3,1,0,
20290804,3,2,0,
20290805,3,3,0,
20290806,3,1,0,
20290807,3,1,0,
20290808,3,1,0,
20290809,3,1,0,
20290810,3,1,0,
20290811,3,2,0,
20290812,3,3,0,
20290813,3,1,0,
20290814,3,1,0,
20290815,3,3,1,
20290816,3,1,0,
20290817,3,1,0,
20290818,3,2,0,
20290819,3,3,0,
20290820,3,1,0,
20290821,3,1,0,
20290822,3,1,0,
20290823,3,1,0,
20290824,3,1,0,
20290825,3,2,0,
20290826,3,3,0,
20290827,3,1,0,
20290828,3,1,0,
20290829,3,1,0,
20290830,3,1,0,
20290831,3,1,0,
20290901,2,2,0,
20290902,2,3,0,
20290903,2,1,0,
20290904,2,1,0,
20290905,2,1,0,
20290906,2,1,0,
20290907,2,1,0,
20290908,2,2,0,
20290909,2,3,0,
20290910,1,1,0,
20290911,1,1,0,
20290912,1,1,0,
20290913,1,1,0,
20290914,1,1,0,
20290915,1,2,0,
20290916,1,3,0,
20290917,1,1,0,
20290918,1,1,0,
20290919,1,1,0,
20290920,1,1,0,
20290921,1,1,0,
20290922,1,2,0,
20290923,1,3,0,
20290924,1,1,0,
20290925,1,1,0,
20290926,1,1,0,
20290927,1,1,0,
20290928,1,1,0,
20290929,1,2,0,
20290930,1,3,0,
20291001,1,1,0,
20291002,1,1,0,
20291003,1,1,0,
20291004,1,1,0,
20291005,1,3,1,
20291006,1,2,0,
20291007,1,3,0,
20291008,1,1,0,
20291009,1,1,0,
20291010,1,1,0,
20291011,1,1,0,
20291012,1,1,0,
20291013,1,2,0,
20291014,1,3,0,
20291015,1,1,0,
20291016,1,1,0,
20291017,1,1,0,
20291018,1,1,0,
20291019,1,1,0,
20291020,1,2,0,
20291021,1,3,0,
20291022,1,1,0,
20291023,1,1,0,
20291024,1,1,0,
20291025,1,1,0,
20291026,1,1,0,
20291027,1,2,0,
20291028,1,3,0,
20291029,1,1,0,
20291030,1,1,0,
20291031,1,1,0,
20291101,1,3,1,
20291102,1,1,0,
20291103,1,2,0,
20291104,1,3,0,
20291105,1,1,0,
20291106,1,1,0,
20291107,1,1,0,
20291108,1,1,0,
20291109,1,1,0,
20291110,1,2,0,
20291111,1,3,0,
20291112,1,1,0,
20291113,1,1,0,
20291114,1,1,0,
20291115,1,1,0,
20291116,1,1,0,
20291117,1,2,0,
20291118,1,3,0,
20291119,1,1,0,
20291120,1,1,0,
20291121,1,1,0,
20291122,1,1,0,
20291123,1,1,0,
20291124,1,2,0,
20291125,1,3,0,
20291126,1,1,0,
20291127,1,1,0,
20291128,1,1,0,
20291129,1,1,0,
20291130,1,1,0,
20291201,1,3,1,
20291202,1,3,0,
20291203,1,1,0,
20291204,1,1,0,
20291205,1,1,0,
20291206,1,1,0,
20291207,1,1,0,
20291208,1,3,1,
20291209,1,3,0,
20291210,1,1,0,
20291211,1,1,0,
20291212,1,1,0,
20291213,1,1,0,
20291214,1,1,0,
20291215,1,2,0,
20291216,1,3,0,
20291217,1,1,0,
20291218,1,1,0,
20291219,1,1,0,
20291220,1,1,0,
20291221,1,1,0,
20291222,2,2,0,
20291223,2,3,0,
20291224,2,1,0,
20291225,2,3,1,
20291226,2,1,0,
20291227,2,1,0,
20291228,2,1,0,
20291229,2,2,0,
20291230,2,3,0,
20291231,2,1,0,